38.627037048339844	0.5237564444541931
24.846620559692383	0.37363338470458984
32.65669250488281	0.49667972326278687
33.17280960083008	0.43792489171028137
29.521448135375977	0.4489954113960266
33.810882568359375	0.4538373351097107
33.337242126464844	0.45203039050102234
37.799076080322266	0.5073701739311218
34.133934020996094	0.4521050751209259
33.71881866455078	0.4834239184856415
40.497825622558594	0.5311190485954285
36.70416259765625	0.48294949531555176
37.77165985107422	0.5924966335296631
39.046695709228516	0.5679519176483154
30.89596176147461	0.42762577533721924
31.318103790283203	0.5853851437568665
31.57251739501953	0.4167989194393158
34.731117248535156	0.48574990034103394
33.42705154418945	0.4579048156738281
25.406721115112305	0.37225964665412903
39.72486877441406	0.5314363837242126
28.41228485107422	0.43711206316947937
33.97109603881836	0.49774500727653503
40.4420051574707	0.5321316719055176
29.804576873779297	0.40140843391418457
32.408119201660156	0.42502450942993164
34.544883728027344	0.47812986373901367
27.953336715698242	0.4080778956413269
38.967491149902344	0.5060713291168213
38.86656951904297	0.5147889852523804
34.63813400268555	0.4844494163990021
35.39661407470703	0.5530720949172974
28.23857879638672	0.37402090430259705
32.4271354675293	0.4280810058116913
23.68048667907715	0.39632612466812134
31.32801055908203	0.4219260811805725
27.00634002685547	0.3817150592803955
26.776784896850586	0.39965349435806274
31.047571182250977	0.4032151997089386
33.2401123046875	0.44767826795578003
29.836952209472656	0.4555259943008423
24.283710479736328	0.34691014885902405
28.336458206176758	0.4393249452114105
33.666229248046875	0.448883056640625
27.695451736450195	0.4196280539035797
34.47015380859375	0.4580751359462738
26.898168563842773	0.3926739990711212
26.56061553955078	0.35296499729156494
27.52923011779785	0.3946843147277832
37.658447265625	0.502112627029419
30.120128631591797	0.41402238607406616
32.13298034667969	0.5120793581008911
29.529861450195312	0.3937314748764038
30.008182525634766	0.39354994893074036
31.559633255004883	0.4476543664932251
25.774246215820312	0.4886113107204437
34.64413833618164	0.49140623211860657
25.663429260253906	0.3387911319732666
31.81732177734375	0.4857606291770935
31.400659561157227	0.4186754524707794
28.224609375	0.3701588213443756
25.527969360351562	0.3381187915802002
31.476242065429688	0.4101139008998871
34.515228271484375	0.4586741328239441
37.501075744628906	0.5494663119316101
30.395267486572266	0.48438674211502075
31.172035217285156	0.4517686367034912
34.197898864746094	0.45597198605537415
26.097318649291992	0.38378408551216125
35.80092239379883	0.48054930567741394
27.82485008239746	0.3811623156070709
20.18040657043457	0.31046777963638306
23.678380966186523	0.4324818551540375
30.721176147460938	0.42083802819252014
32.85973358154297	0.439595103263855
37.32090759277344	0.49106457829475403
36.077484130859375	0.479434996843338
31.774341583251953	0.4621722400188446
35.49980926513672	0.4701961576938629
32.89120864868164	0.4819224774837494
33.13526153564453	0.483726441860199
31.79167938232422	0.4253067374229431
27.460575103759766	0.46152228116989136
34.164039611816406	0.46324121952056885
29.330673217773438	0.39636045694351196
35.12183380126953	0.47143399715423584
16.715299606323242	0.27975398302078247
34.01197814941406	0.4519864320755005
30.777271270751953	0.43348270654678345
38.31306076049805	0.5284560322761536
37.650108337402344	0.5070721507072449
29.584068298339844	0.45513951778411865
41.732688903808594	0.5816402435302734
22.43460464477539	0.3491767346858978
31.484304428100586	0.4862440824508667
32.182559967041016	0.49133679270744324
31.748497009277344	0.4601231515407562
32.58843994140625	0.45261722803115845
36.585304260253906	0.4798072576522827
31.832714080810547	0.4467749297618866
27.587200164794922	0.38315555453300476
34.1890754699707	0.45737892389297485
42.09193420410156	0.553841233253479
25.693540573120117	0.3952852487564087
31.696474075317383	0.42688852548599243
35.108577728271484	0.4650142788887024
35.7810173034668	0.4708028733730316
29.649383544921875	0.4669194221496582
31.31595230102539	0.49123063683509827
35.834224700927734	0.521225094795227
38.503963470458984	0.6087583303451538
35.82448959350586	0.48411473631858826
35.238765716552734	0.46519821882247925
33.267845153808594	0.4465482532978058
27.717060089111328	0.3959580063819885
29.23416519165039	0.3937261402606964
31.54640769958496	0.41237133741378784
33.573463439941406	0.5086888670921326
23.615036010742188	0.37043192982673645
24.067827224731445	0.31668195128440857
34.39424514770508	0.45858994126319885
27.614110946655273	0.36096876859664917
34.78754806518555	0.46229299902915955
20.379268646240234	0.2830454111099243
32.20204544067383	0.49732887744903564
39.061344146728516	0.5106058120727539
34.48262405395508	0.47892534732818604
27.349802017211914	0.3907114565372467
35.68035125732422	0.48380136489868164
39.79393768310547	0.534146785736084
37.768131256103516	0.5069547891616821
48.4490966796875	0.6921299695968628
33.199642181396484	0.43827909231185913
35.20695114135742	0.4773823916912079
29.36355209350586	0.4534911513328552
43.16354751586914	0.6079372763633728
34.05748748779297	0.48308491706848145
29.752716064453125	0.39019954204559326
32.537193298339844	0.43674084544181824
26.29387664794922	0.34711387753486633
33.64091491699219	0.4397505223751068
33.23997116088867	0.43450942635536194
34.84589385986328	0.4569953382015228
41.87755584716797	0.5717072486877441
21.967952728271484	0.3366736173629761
28.719440460205078	0.3766483962535858
31.07450294494629	0.47441989183425903
30.23542594909668	0.4334827959537506
33.374732971191406	0.4464847147464752
34.23272705078125	0.4564363658428192
42.50769805908203	0.5556561946868896
31.03363037109375	0.45470520853996277
40.10985565185547	0.5383872985839844
31.274131774902344	0.4499875009059906
36.339359283447266	0.5228684544563293
33.65121078491211	0.437028706073761
38.905364990234375	0.5170148015022278
38.72472381591797	0.5029184818267822
30.190568923950195	0.41786253452301025
29.71865463256836	0.4485834538936615
20.30978012084961	0.34278109669685364
30.173355102539062	0.39832812547683716
31.131608963012695	0.4771127700805664
34.88329315185547	0.4574858248233795
32.83671569824219	0.5013238787651062
25.741601943969727	0.3730666935443878
34.3206901550293	0.4486364722251892
27.93852996826172	0.4715363681316376
31.540258407592773	0.4219432473182678
25.64102554321289	0.3827018737792969
28.89153289794922	0.37643691897392273
33.27325439453125	0.45116278529167175
19.856449127197266	0.3019992411136627
27.29364013671875	0.37388548254966736
31.44448471069336	0.44602105021476746
30.223533630371094	0.41977131366729736
31.209320068359375	0.5267395973205566
29.705251693725586	0.39872822165489197
27.309412002563477	0.3581562340259552
33.07474899291992	0.43519407510757446
29.752552032470703	0.39277297258377075
28.316146850585938	0.37135928869247437
21.84470558166504	0.32362526655197144
30.532527923583984	0.4409029185771942
40.506961822509766	0.5418991446495056
39.12583541870117	0.5064833164215088
32.1090087890625	0.47219130396842957
33.8499641418457	0.47676005959510803
36.58099365234375	0.4845164716243744
30.713088989257812	0.40147829055786133
31.868806838989258	0.4263385534286499
39.868831634521484	0.5280640125274658
35.692779541015625	0.4889421761035919
33.231468200683594	0.4358225464820862
40.685638427734375	0.5442894697189331
26.352828979492188	0.3711666166782379
32.17155838012695	0.4247070550918579
29.510221481323242	0.46656477451324463
30.1473388671875	0.46559596061706543
28.62493133544922	0.4420838952064514
39.57001876831055	0.5840592980384827
33.84678649902344	0.451290488243103
29.177982330322266	0.4387666583061218
32.27876663208008	0.42194464802742004
40.34503936767578	0.5847107172012329
38.1474723815918	0.49865975975990295
35.9243278503418	0.4726885259151459
26.454994201660156	0.35156139731407166
28.92681884765625	0.4923713803291321
24.596662521362305	0.36039066314697266
35.41844940185547	0.4675702750682831
34.01991653442383	0.5294928550720215
28.840681076049805	0.454183965921402
30.06564712524414	0.43731850385665894
38.008758544921875	0.5153729915618896
33.67649459838867	0.4970700442790985
32.97215270996094	0.5014775991439819
31.1221866607666	0.41915401816368103
38.746578216552734	0.5200883150100708
25.25846290588379	0.3334450423717499
30.282155990600586	0.39714303612709045
38.60917282104492	0.5096920728683472
32.46133804321289	0.5214672684669495
36.04720687866211	0.48385512828826904
25.823055267333984	0.3561800718307495
37.71168518066406	0.5505355596542358
42.76246643066406	0.5663902759552002
24.87276840209961	0.37123534083366394
33.89641189575195	0.5275706052780151
26.443946838378906	0.3832456171512604
30.049482345581055	0.4006597697734833
33.84988021850586	0.45743080973625183
24.80794334411621	0.39377686381340027
36.73500061035156	0.4865562915802002
32.9154052734375	0.46035531163215637
35.92900466918945	0.47588086128234863
31.399967193603516	0.45507198572158813
29.600749969482422	0.3894835412502289
33.73674774169922	0.5131064057350159
31.06767463684082	0.4422444701194763
29.7529296875	0.42809972167015076
45.691810607910156	0.6794321537017822
33.195335388183594	0.4382222592830658
34.567779541015625	0.5083497166633606
31.910228729248047	0.4558604061603546
25.57390022277832	0.35032740235328674
35.412925720214844	0.4753412902355194
26.279434204101562	0.3701328635215759
29.77651596069336	0.40929919481277466
28.81378173828125	0.3754238784313202
27.77324676513672	0.3753141462802887
35.28303527832031	0.46425047516822815
37.80216598510742	0.4990384876728058
31.859085083007812	0.47728967666625977
32.44817352294922	0.5011301040649414
37.34617233276367	0.49465128779411316
31.905107498168945	0.49084779620170593
35.094966888427734	0.4908387064933777
34.95359802246094	0.4771822392940521
32.39232635498047	0.44221606850624084
33.780479431152344	0.47080808877944946
37.23482131958008	0.5863751173019409
23.909074783325195	0.3166764974594116
38.4058952331543	0.5352737903594971
32.09356689453125	0.4568479359149933
23.4305419921875	0.33353084325790405
38.49293899536133	0.5309370756149292
27.770601272583008	0.366608589887619
26.982513427734375	0.36962348222732544
38.53618240356445	0.5333727598190308
27.654518127441406	0.4372255802154541
22.978240966796875	0.3647339940071106
26.556995391845703	0.4039086699485779
32.8846321105957	0.44140446186065674
32.37288284301758	0.43599840998649597
31.829160690307617	0.42723706364631653
30.000030517578125	0.3934430181980133
35.31781768798828	0.4662418067455292
31.87162208557129	0.41798847913742065
37.19670104980469	0.49430832266807556
35.898193359375	0.5279145836830139
30.286029815673828	0.4038137197494507
34.343666076660156	0.5032038688659668
38.25360870361328	0.5100480914115906
33.58098220825195	0.4492439031600952
30.811250686645508	0.40276145935058594
30.212820053100586	0.42108461260795593
32.58428192138672	0.47742536664009094
30.118419647216797	0.47060030698776245
36.27207946777344	0.4772641956806183
28.539348602294922	0.44419220089912415
30.08868408203125	0.43293070793151855
34.52722930908203	0.46501317620277405
36.5457763671875	0.5335149765014648
35.88264083862305	0.473698228597641
37.926971435546875	0.5125266313552856
39.878746032714844	0.5299501419067383
34.50191879272461	0.463113009929657
29.09486198425293	0.3815719485282898
25.734464645385742	0.3375011682510376
31.03664779663086	0.44496986269950867
27.235164642333984	0.3655726909637451
34.181217193603516	0.4482782483100891
32.0294075012207	0.4658823013305664
40.97240447998047	0.5462987422943115
27.361061096191406	0.4325859546661377
22.909156799316406	0.4514119625091553
36.48945617675781	0.4738890528678894
28.859081268310547	0.4491685926914215
37.65987777709961	0.519446611404419
28.169836044311523	0.4300738275051117
28.54511260986328	0.418243408203125
36.797977447509766	0.5575451254844666
22.369396209716797	0.2914579212665558
40.31629180908203	0.5339906215667725
32.50391387939453	0.45619529485702515
31.233718872070312	0.41506603360176086
24.955446243286133	0.42658883333206177
39.96364974975586	0.6124697327613831
28.785350799560547	0.3812629282474518
35.07928466796875	0.4756513237953186
33.939292907714844	0.5201424360275269
33.925254821777344	0.44785815477371216
32.69285583496094	0.5148481130599976
36.39032745361328	0.5893170237541199
38.9920654296875	0.5080399513244629
33.25352478027344	0.43611180782318115
32.33927917480469	0.4370172917842865
35.63488006591797	0.47513172030448914
34.336360931396484	0.45179423689842224
24.03038215637207	0.3586624264717102
31.402070999145508	0.4391897916793823
32.945892333984375	0.4723425507545471
36.48884582519531	0.48651793599128723
41.0396728515625	0.5471956133842468
36.823020935058594	0.48934248089790344
30.285972595214844	0.442130982875824
31.96590805053711	0.4305172860622406
34.56889724731445	0.4563550651073456
34.67642593383789	0.4953775107860565
28.086414337158203	0.3914482891559601
27.3958797454834	0.3778741955757141
24.241456985473633	0.42159056663513184
27.85533332824707	0.3617575764656067
35.50603103637695	0.4626193046569824
30.47730255126953	0.4023406207561493
31.373027801513672	0.4155367910861969
24.466394424438477	0.3507726788520813
37.27553939819336	0.49700719118118286
29.15227508544922	0.3848485052585602
29.118438720703125	0.3882458508014679
28.305740356445312	0.43214869499206543
26.68539047241211	0.43215206265449524
40.31648254394531	0.5393509268760681
36.28196716308594	0.5296637415885925
33.75733184814453	0.43983495235443115
35.57008743286133	0.4806768596172333
30.2806453704834	0.5505571961402893
31.879310607910156	0.43080148100852966
32.175567626953125	0.47317010164260864
28.481876373291016	0.42039668560028076
35.35929870605469	0.5439891815185547
34.85411071777344	0.5051320195198059
34.308963775634766	0.4484831988811493
27.09902572631836	0.45736750960350037
26.219341278076172	0.4263307452201843
27.007038116455078	0.39282965660095215
31.992168426513672	0.4940875470638275
35.7269172668457	0.4685497283935547
28.2601318359375	0.3730710446834564
26.71887969970703	0.35272449254989624
26.306671142578125	0.3985859155654907
32.15842819213867	0.4627111852169037
30.5583438873291	0.4074445962905884
28.686729431152344	0.41878437995910645
37.70830535888672	0.49291902780532837
26.953248977661133	0.3593766391277313
29.024219512939453	0.3806455135345459
31.402524948120117	0.4118363857269287
28.454269409179688	0.4411514699459076
23.582691192626953	0.34680429100990295
30.275558471679688	0.4356195330619812
36.20542526245117	0.5485670566558838
26.822006225585938	0.40032845735549927
25.62217903137207	0.39117830991744995
27.693540573120117	0.4484784007072449
25.80670738220215	0.42655715346336365
31.294200897216797	0.4551883637905121
31.955028533935547	0.4190823435783386
32.590972900390625	0.437462717294693
23.976364135742188	0.3702913522720337
29.03778839111328	0.383337140083313
32.32729721069336	0.455314040184021
42.90903091430664	0.5627413988113403
31.629432678222656	0.4245561361312866
48.704429626464844	0.6472349166870117
23.158830642700195	0.3380851149559021
27.178184509277344	0.4645843505859375
29.92329978942871	0.4030074179172516
36.59208679199219	0.4862735867500305
28.68463134765625	0.44130203127861023
28.796680450439453	0.41138115525245667
33.61930465698242	0.43946802616119385
29.915061950683594	0.41693466901779175
23.850282669067383	0.31589779257774353
25.101720809936523	0.4290892481803894
38.089317321777344	0.5095560550689697
28.151962280273438	0.4170660972595215
26.869709014892578	0.3535487949848175
32.995704650878906	0.4999349117279053
30.320829391479492	0.39765021204948425
34.09269714355469	0.46384620666503906
27.11362648010254	0.4220019578933716
33.225730895996094	0.47635456919670105
31.09542465209961	0.42306700348854065
28.48974609375	0.43830379843711853
35.18852615356445	0.517478346824646
30.318111419677734	0.43939292430877686
33.895957946777344	0.45194610953330994
27.348766326904297	0.38792577385902405
28.7474365234375	0.3832991421222687
47.51973342895508	0.6211729645729065
37.245121002197266	0.49168476462364197
29.915748596191406	0.4112130403518677
25.949129104614258	0.37607434391975403
32.62749481201172	0.5118038654327393
21.26170539855957	0.32584989070892334
28.699695587158203	0.37762758135795593
31.151004791259766	0.4267261028289795
29.97005844116211	0.4776104986667633
28.57921600341797	0.42815303802490234
26.26241111755371	0.4528001844882965
39.82110595703125	0.5256911516189575
32.283016204833984	0.4661807417869568
33.45581817626953	0.44907137751579285
31.4137020111084	0.4119829833507538
37.279144287109375	0.4905150532722473
33.58121109008789	0.4462619423866272
36.980934143066406	0.4914409816265106
36.63147735595703	0.4804128110408783
28.236650466918945	0.39354217052459717
25.02178955078125	0.3600257635116577
27.475765228271484	0.3688022196292877
27.757829666137695	0.4337160885334015
33.65607452392578	0.44430461525917053
36.5411491394043	0.48080459237098694
28.255290985107422	0.3669518232345581
36.63112258911133	0.48198845982551575
33.387046813964844	0.4589284658432007
32.494537353515625	0.4332605004310608
38.21623611450195	0.5289444327354431
39.924537658691406	0.5786164999008179
28.77302360534668	0.383640319108963
37.642333984375	0.5086801648139954
29.914531707763672	0.3962189555168152
35.246883392333984	0.4964349865913391
32.30947494506836	0.4322337806224823
32.712059020996094	0.511125922203064
39.18797302246094	0.5122610926628113
31.752586364746094	0.48109978437423706
34.84056854248047	0.4584285318851471
35.39186477661133	0.46568241715431213
33.11063003540039	0.4328186810016632
29.82981300354004	0.39249753952026367
40.28599548339844	0.5335893630981445
33.60413360595703	0.473297655582428
34.38609313964844	0.46311235427856445
28.82215690612793	0.37923890352249146
31.137191772460938	0.4496345520019531
35.885154724121094	0.5108206868171692
31.096967697143555	0.4641338586807251
30.45313835144043	0.3993854224681854
41.63214111328125	0.5588206648826599
34.13248825073242	0.48243799805641174
32.13803482055664	0.5002028942108154
34.32506561279297	0.4702063798904419
39.31590270996094	0.5868045091629028
25.95278549194336	0.3392520844936371
32.813140869140625	0.43033626675605774
32.74007034301758	0.5846441388130188
36.97871780395508	0.5014063715934753
30.550729751586914	0.4213893711566925
35.916053771972656	0.49710801243782043
31.51742935180664	0.45186278223991394
36.07666015625	0.48917505145072937
44.73186492919922	0.602449357509613
50.68677520751953	0.6625722050666809
35.54106903076172	0.4645891487598419
36.35154342651367	0.4895830750465393
38.630550384521484	0.5116629004478455
25.226308822631836	0.3319251239299774
28.225833892822266	0.377603143453598
28.579139709472656	0.39555901288986206
32.45062255859375	0.44301190972328186
27.548931121826172	0.40071171522140503
34.10240173339844	0.47200554609298706
28.052988052368164	0.41870132088661194
33.55524826049805	0.48630794882774353
36.173641204833984	0.5204840302467346
35.80084991455078	0.46798497438430786
30.82490348815918	0.40559083223342896
34.37241744995117	0.5092210173606873
28.85446548461914	0.3847261965274811
29.7901611328125	0.4397071897983551
27.528194427490234	0.3850097060203552
27.89614486694336	0.41949090361595154
37.03761672973633	0.5310052633285522
25.968564987182617	0.36447107791900635
31.362125396728516	0.4086270332336426
36.95877456665039	0.4911465048789978
46.98395538330078	0.6392374634742737
32.980316162109375	0.5113227367401123
29.951753616333008	0.4555399715900421
29.627445220947266	0.4523274004459381
35.746524810791016	0.4750368893146515
31.191381454467773	0.42008593678474426
30.459463119506836	0.4529288113117218
24.186052322387695	0.3664553463459015
31.734514236450195	0.49010834097862244
24.5867977142334	0.37680914998054504
35.26457595825195	0.6297245621681213
33.741336822509766	0.5171086192131042
36.56626892089844	0.48272302746772766
28.603227615356445	0.4071633815765381
31.615890502929688	0.49016883969306946
29.602764129638672	0.42593905329704285
30.035266876220703	0.3926178812980652
39.54862594604492	0.6619017124176025
32.84759521484375	0.4642769694328308
27.457191467285156	0.4273492693901062
30.877525329589844	0.4475003778934479
27.766765594482422	0.39666807651519775
31.519515991210938	0.4174770414829254
33.595054626464844	0.4539872109889984
33.51368713378906	0.44684916734695435
39.423805236816406	0.5363783240318298
28.487548828125	0.3760732412338257
33.978126525878906	0.4515365660190582
31.56381607055664	0.4323810338973999
34.07974624633789	0.5263281464576721
34.294132232666016	0.4527278244495392
25.705860137939453	0.3521350622177124
28.822195053100586	0.4417194724082947
25.688879013061523	0.3936992883682251
36.047035217285156	0.471203088760376
37.53179931640625	0.49383947253227234
32.13747024536133	0.5021479725837708
25.977724075317383	0.3862858712673187
40.55542755126953	0.5425475239753723
36.429840087890625	0.4746558964252472
48.959693908691406	0.6399959921836853
28.785415649414062	0.39031073451042175
33.335079193115234	0.4762154221534729
26.25249481201172	0.38465192914009094
32.89863967895508	0.4430793225765228
32.532493591308594	0.42947185039520264
30.8582820892334	0.48028454184532166
36.83576583862305	0.5397181510925293
36.86670684814453	0.4965212941169739
31.610502243041992	0.41456395387649536
34.201019287109375	0.4606197774410248
34.53353500366211	0.45891740918159485
31.40514373779297	0.41052475571632385
39.281158447265625	0.5202802419662476
28.061914443969727	0.41883453726768494
29.957521438598633	0.4117872416973114
28.74575424194336	0.3782336115837097
38.46029281616211	0.5179837346076965
31.92770004272461	0.4627203047275543
30.152851104736328	0.3980574309825897
28.381553649902344	0.4113268554210663
38.292137145996094	0.5139884352684021
29.31659698486328	0.3832235038280487
30.454002380371094	0.40470436215400696
30.077377319335938	0.44231438636779785
27.887065887451172	0.5002164244651794
37.91090774536133	0.5021312236785889
24.770503997802734	0.4077449142932892
38.293052673339844	0.5450968146324158
30.99707794189453	0.46264296770095825
32.69663619995117	0.44789913296699524
31.35735511779785	0.42374804615974426
34.60552215576172	0.45683857798576355
35.737648010253906	0.47178414463996887
35.85503387451172	0.5014690160751343
26.98581314086914	0.430052787065506
29.739646911621094	0.4218389689922333
25.771154403686523	0.33687782287597656
29.142440795898438	0.42235422134399414
27.29922866821289	0.35802266001701355
34.893157958984375	0.4576151967048645
25.97682762145996	0.4011865258216858
30.908039093017578	0.41487300395965576
24.27881622314453	0.36647269129753113
30.37428092956543	0.4386177659034729
35.14353561401367	0.4749126434326172
31.04979133605957	0.43124711513519287
26.531850814819336	0.42114049196243286
26.072521209716797	0.3905995786190033
30.31415557861328	0.5295048952102661
33.713890075683594	0.4421493709087372
31.311315536499023	0.4119910001754761
34.83478927612305	0.45684969425201416
29.838634490966797	0.41586947441101074
27.743335723876953	0.4301292300224304
33.92339324951172	0.45080921053886414
36.35108947753906	0.4846811890602112
35.23859405517578	0.47781145572662354
33.88792419433594	0.4548714756965637
27.064453125	0.4196039140224457
35.12516784667969	0.5424736142158508
27.052711486816406	0.4644242227077484
30.3468074798584	0.4046241044998169
34.690826416015625	0.46564868092536926
27.416845321655273	0.35839012265205383
30.732419967651367	0.4030481278896332
26.648754119873047	0.40376901626586914
26.065505981445312	0.3440990746021271
27.918102264404297	0.4311676025390625
27.956584930419922	0.42519521713256836
28.0937442779541	0.36604225635528564
27.416648864746094	0.37557053565979004
34.70775604248047	0.5066825747489929
42.704383850097656	0.5790424942970276
37.12538146972656	0.5051072239875793
34.755741119384766	0.47448110580444336
26.209644317626953	0.34038498997688293
33.94856643676758	0.484979510307312
33.39000701904297	0.5363856554031372
35.916500091552734	0.47414520382881165
24.935951232910156	0.3463326692581177
32.29437255859375	0.42353275418281555
33.42644500732422	0.44127321243286133
39.10171127319336	0.5196240544319153
33.12405776977539	0.47151684761047363
35.15570068359375	0.5004370212554932
33.30685806274414	0.4531545341014862
35.425254821777344	0.47710782289505005
36.95179748535156	0.48620787262916565
29.48300552368164	0.4011293351650238
35.70149230957031	0.49585404992103577
26.56208038330078	0.3835679590702057
30.671417236328125	0.5334159731864929
31.227989196777344	0.41361576318740845
31.45882797241211	0.4194510281085968
38.145973205566406	0.5488629341125488
26.383495330810547	0.404344767332077
34.243934631347656	0.44763314723968506
28.745174407958984	0.40062960982322693
38.14057159423828	0.4985695779323578
32.616859436035156	0.4305855929851532
34.94187927246094	0.4753997325897217
29.899974822998047	0.41672438383102417
31.166229248046875	0.4114353656768799
35.01070785522461	0.4668094515800476
32.581512451171875	0.521304190158844
31.211631774902344	0.4232085645198822
34.38249206542969	0.45091792941093445
28.63008689880371	0.3779549300670624
33.44578552246094	0.4386332631111145
31.96950340270996	0.4502747058868408
32.59990692138672	0.43466541171073914
33.59601593017578	0.44944503903388977
33.83477783203125	0.4422846734523773
23.259090423583984	0.3524104654788971
32.61635971069336	0.497959703207016
41.20966339111328	0.6038045883178711
27.380752563476562	0.3675268888473511
34.76740264892578	0.458975613117218
25.689800262451172	0.33581438660621643
28.371898651123047	0.41418829560279846
37.920291900634766	0.5039241313934326
35.57251739501953	0.4790911376476288
36.753787994384766	0.48680514097213745
28.95366096496582	0.3772464096546173
40.19102096557617	0.527095377445221
36.24695587158203	0.4800921380519867
23.529953002929688	0.3361421823501587
41.886627197265625	0.5547897815704346
32.289981842041016	0.42627039551734924
23.88762092590332	0.3340925872325897
31.628395080566406	0.42171192169189453
27.902122497558594	0.3671332001686096
31.722152709960938	0.4436664581298828
30.052623748779297	0.43872442841529846
27.448211669921875	0.373445063829422
24.447582244873047	0.3718263506889343
36.99810791015625	0.5138626098632812
27.833904266357422	0.365034818649292
34.16638946533203	0.49877941608428955
46.8873176574707	0.6674351096153259
27.229331970214844	0.4463824927806854
29.261550903320312	0.42717593908309937
31.324636459350586	0.4162742495536804
32.949886322021484	0.4657227694988251
32.42585372924805	0.4252570867538452
30.556974411010742	0.46830612421035767
35.9471321105957	0.46989715099334717
22.887042999267578	0.3304988145828247
28.72283172607422	0.40886592864990234
40.160430908203125	0.5372632741928101
26.637332916259766	0.3778344988822937
31.30594253540039	0.41192030906677246
32.92462921142578	0.4572865068912506
29.54384422302246	0.4344682991504669
27.99966812133789	0.414809912443161
31.166812896728516	0.47765231132507324
29.075170516967773	0.4229115843772888
25.287803649902344	0.38460537791252136
33.18950271606445	0.438145250082016
37.78263854980469	0.4955100119113922
27.068817138671875	0.3923017084598541
25.413894653320312	0.47502607107162476
37.0030517578125	0.4983575940132141
36.44493865966797	0.4795386791229248
37.470726013183594	0.4866327941417694
29.54845428466797	0.3887954652309418
27.97909927368164	0.42879846692085266
24.791404724121094	0.3529025614261627
27.770462036132812	0.5815803408622742
32.33565902709961	0.4282868802547455
44.67788314819336	0.5878669023513794
25.159055709838867	0.38264724612236023
33.129722595214844	0.45383182168006897
34.52555847167969	0.4778623878955841
35.646575927734375	0.4690338969230652
33.56630325317383	0.4520714282989502
36.843379974365234	0.48961302638053894
30.094039916992188	0.47958630323410034
34.049678802490234	0.6844156384468079
29.711244583129883	0.3896556794643402
37.44493865966797	0.5009356141090393
31.603885650634766	0.41859450936317444
37.0014762878418	0.49500301480293274
37.95304489135742	0.5500441193580627
38.77299499511719	0.5187022686004639
35.0126838684082	0.4652848243713379
37.313316345214844	0.5407726764678955
37.40501022338867	0.5020806789398193
31.65741729736328	0.41654497385025024
38.23491287231445	0.6620764136314392
32.64668273925781	0.4818698465824127
32.240989685058594	0.4327649474143982
33.859092712402344	0.4484648108482361
28.503633499145508	0.4222760498523712
28.6453914642334	0.42437615990638733
27.601484298706055	0.38468968868255615
30.404001235961914	0.4027020037174225
29.265056610107422	0.42722710967063904
34.39748001098633	0.4861834645271301
30.669889450073242	0.40622371435165405
30.228572845458984	0.44290947914123535
30.973798751831055	0.4456661641597748
36.93958282470703	0.4828703701496124
32.763301849365234	0.43977585434913635
25.351417541503906	0.3346721827983856
28.78888511657715	0.4202756881713867
38.6413688659668	0.5101170539855957
40.54595184326172	0.5833950042724609
35.4361686706543	0.46935322880744934
22.18216323852539	0.314640611410141
28.02701187133789	0.41675853729248047
29.395206451416016	0.414016991853714
40.92927169799805	0.5512359738349915
42.2764778137207	0.5599533319473267
30.51827049255371	0.42534175515174866
33.750301361083984	0.46075496077537537
34.407745361328125	0.45573171973228455
36.79242706298828	0.525606095790863
23.707590103149414	0.4177548885345459
40.61629104614258	0.5361886620521545
36.4215202331543	0.5041040778160095
28.307645797729492	0.4117475748062134
33.61888122558594	0.5252950191497803
24.60614013671875	0.3785560131072998
35.94725799560547	0.5594903826713562
30.337646484375	0.39399540424346924
29.663673400878906	0.3928963243961334
25.382667541503906	0.39201030135154724
29.44695281982422	0.4637315273284912
30.241283416748047	0.4289543628692627
32.059967041015625	0.46974310278892517
35.901920318603516	0.4969123899936676
31.0255126953125	0.479158490896225
32.59044647216797	0.43309563398361206
20.446884155273438	0.41099265217781067
29.169734954833984	0.41229307651519775
23.115087509155273	0.40911659598350525
35.43021774291992	0.46163150668144226
53.836952209472656	0.7060583829879761
31.335582733154297	0.41231030225753784
22.832704544067383	0.32158738374710083
24.819164276123047	0.3862904906272888
35.492671966552734	0.49467137455940247
39.346282958984375	0.5581033229827881
37.53571701049805	0.5400822758674622
30.94164276123047	0.4057920277118683
31.901432037353516	0.46571433544158936
34.07780456542969	0.4528611898422241
26.51656150817871	0.36200085282325745
32.003517150878906	0.42814069986343384
28.0006046295166	0.4725840389728546
35.81221389770508	0.4696683883666992
40.185035705566406	0.5322521328926086
28.767255783081055	0.3772754967212677
35.48578643798828	0.4638665020465851
39.97135925292969	0.5242145657539368
27.61815643310547	0.37575721740722656
35.56858825683594	0.48065659403800964
43.094852447509766	0.5670375227928162
35.1500244140625	0.5039430260658264
31.43548583984375	0.42195284366607666
28.526580810546875	0.40037307143211365
24.233057022094727	0.38012638688087463
28.27870750427246	0.38605743646621704
31.279216766357422	0.42702001333236694
27.865386962890625	0.4038461744785309
33.54802322387695	0.4458208978176117
30.73375129699707	0.4710153341293335
38.69760513305664	0.6396298408508301
30.140928268432617	0.4601668417453766
35.364749908447266	0.48279520869255066
35.14877700805664	0.5150004029273987
29.48678970336914	0.4167744219303131
35.4302978515625	0.5579574704170227
37.628028869628906	0.49186965823173523
30.031829833984375	0.4058355391025543
30.062585830688477	0.4372739791870117
25.9222469329834	0.3422078788280487
33.12382507324219	0.45220237970352173
28.576950073242188	0.4067893326282501
30.675251007080078	0.40495380759239197
41.10102844238281	0.5516916513442993
29.81938934326172	0.3962709605693817
35.60905838012695	0.5542265772819519
31.069721221923828	0.4817011058330536
44.274192810058594	0.5825551748275757
26.642065048217773	0.37002867460250854
25.474912643432617	0.3678687810897827
32.8540153503418	0.46601441502571106
31.559511184692383	0.4222008287906647
28.458337783813477	0.49066099524497986
29.016490936279297	0.3843243718147278
29.848665237426758	0.462770015001297
28.73935317993164	0.43876874446868896
28.599498748779297	0.37507539987564087
28.141435623168945	0.3868238627910614
29.86908721923828	0.4876585602760315
21.76626205444336	0.34277579188346863
34.086524963378906	0.47015896439552307
37.46893310546875	0.4979260265827179
33.53581619262695	0.45166081190109253
35.62900161743164	0.47034984827041626
32.964012145996094	0.4409901201725006
32.598941802978516	0.4741664230823517
29.234619140625	0.44633007049560547
28.374135971069336	0.3954583406448364
39.645381927490234	0.5268489122390747
37.46641159057617	0.4897570013999939
31.011478424072266	0.40144309401512146
31.862817764282227	0.46011289954185486
25.286752700805664	0.38458940386772156
31.282638549804688	0.41849684715270996
37.476051330566406	0.4882872998714447
36.94477081298828	0.49424442648887634
33.84012985229492	0.46198129653930664
21.396814346313477	0.3626578748226166
31.717363357543945	0.4132555425167084
23.303279876708984	0.3056167960166931
38.383209228515625	0.566541850566864
23.487598419189453	0.3239668607711792
26.852588653564453	0.36287280917167664
37.1934928894043	0.49757182598114014
35.963172912597656	0.47319963574409485
27.898456573486328	0.3848063051700592
26.855833053588867	0.36663252115249634
37.969425201416016	0.5201290845870972
36.166439056396484	0.4937397837638855
30.599414825439453	0.4039526581764221
34.68317413330078	0.4833891987800598
27.44000244140625	0.3837762475013733
36.95262145996094	0.49106472730636597
39.667564392089844	0.5271437168121338
26.680824279785156	0.34763288497924805
31.343107223510742	0.4338146448135376
26.274423599243164	0.42207908630371094
36.83491134643555	0.49277472496032715
34.30720520019531	0.45440006256103516
37.932132720947266	0.5091561675071716
27.54676055908203	0.42379632592201233
39.64527130126953	0.5339430570602417
42.69007873535156	0.565431535243988
31.58057403564453	0.43113410472869873
29.706588745117188	0.4791385233402252
45.00440216064453	0.5921632051467896
31.881275177001953	0.4222685396671295
34.96788024902344	0.5086237192153931
33.22828674316406	0.5191919803619385
34.41352844238281	0.45280957221984863
31.7314453125	0.4615482985973358
33.59038162231445	0.48158252239227295
25.924407958984375	0.37845849990844727
37.68962478637695	0.5076043605804443
36.21345138549805	0.4796483516693115
33.883453369140625	0.48578429222106934
35.45590591430664	0.5157222747802734
37.05624008178711	0.49573564529418945
21.483505249023438	0.3521886169910431
31.211267471313477	0.4066614508628845
28.879487991333008	0.3799932599067688
32.963558197021484	0.44395363330841064
30.929725646972656	0.47220954298973083
25.45083236694336	0.3930630385875702
28.045944213867188	0.4233350157737732
29.941665649414062	0.4292711913585663
32.75190734863281	0.43094614148139954
38.33338165283203	0.5555562376976013
36.2331428527832	0.4963444173336029
22.74498176574707	0.3022589087486267
30.1096248626709	0.45794105529785156
35.770992279052734	0.5020490288734436
27.96334457397461	0.39109572768211365
28.76668930053711	0.3940642476081848
48.1865234375	0.6382321119308472
31.08776092529297	0.4819808006286621
31.775087356567383	0.4180932641029358
32.21908950805664	0.43392711877822876
33.1413459777832	0.4332202076911926
32.76194763183594	0.4748108386993408
25.162532806396484	0.3300004303455353
34.93437957763672	0.5233615040779114
44.21228790283203	0.5855932235717773
26.95947265625	0.36930784583091736
28.194238662719727	0.3835950791835785
43.99424362182617	0.6131601929664612
28.434988021850586	0.46806564927101135
28.767467498779297	0.40804919600486755
27.931581497192383	0.367520809173584
32.53883361816406	0.42673879861831665
31.582149505615234	0.45279067754745483
35.40278244018555	0.5149495601654053
19.307859420776367	0.3245018422603607
34.513118743896484	0.4895477890968323
27.928611755371094	0.40623435378074646
31.435245513916016	0.4191366136074066
34.366844177246094	0.49271461367607117
29.11507797241211	0.4496537148952484
29.14301300048828	0.42857372760772705
37.52873229980469	0.5037413835525513
34.4177131652832	0.4635382294654846
29.854068756103516	0.5169535875320435
42.06317138671875	0.5498453974723816
27.4097843170166	0.46457260847091675
28.480419158935547	0.41577255725860596
30.319610595703125	0.43782830238342285
27.43128204345703	0.37706229090690613
33.29085922241211	0.4895714521408081
30.23143768310547	0.4462204873561859
35.18305206298828	0.4644627273082733
30.735084533691406	0.43751010298728943
39.385013580322266	0.5286579132080078
34.82255554199219	0.45819151401519775
23.08094024658203	0.3752998411655426
31.267879486083984	0.4419488310813904
35.485984802246094	0.46235811710357666
38.36499786376953	0.5098338723182678
32.90333557128906	0.4554094970226288
27.996387481689453	0.408706396818161
33.7475700378418	0.45451271533966064
24.776906967163086	0.36706528067588806
28.032135009765625	0.37627026438713074
37.605220794677734	0.4915715157985687
33.66930389404297	0.45499059557914734
28.409029006958008	0.3826131820678711
34.60440444946289	0.4629351794719696
32.99100112915039	0.4998636543750763
29.49266815185547	0.39063137769699097
43.59773254394531	0.5832472443580627
36.715110778808594	0.49282029271125793
32.55573272705078	0.42836490273475647
23.04607391357422	0.3052460253238678
30.029579162597656	0.40308159589767456
34.71342849731445	0.5104916095733643
33.79005432128906	0.4417000710964203
31.974998474121094	0.4567856788635254
25.63283920288086	0.3429142236709595
38.50094985961914	0.5150628685951233
31.199748992919922	0.4273938238620758
34.35000991821289	0.44901973009109497
35.36061096191406	0.5015689730644226
31.394460678100586	0.5298643112182617
35.4691047668457	0.49607139825820923
27.052989959716797	0.4664308726787567
28.072498321533203	0.4369260370731354
34.48313522338867	0.4552229046821594
30.248409271240234	0.4565797746181488
39.32034683227539	0.5190804600715637
37.90038299560547	0.4954298436641693
22.99881935119629	0.3636176884174347
38.90775680541992	0.5479965806007385
24.3803653717041	0.35206303000450134
30.877994537353516	0.4117065966129303
22.294559478759766	0.3107255697250366
26.77138900756836	0.3922547698020935
27.3214168548584	0.3903059661388397
34.50852966308594	0.4809551239013672
31.778095245361328	0.4605520963668823
31.58390998840332	0.41421520709991455
38.0389289855957	0.5157820582389832
27.869884490966797	0.4098512530326843
35.377906799316406	0.5000410676002502
35.496952056884766	0.46706515550613403
33.65351104736328	0.45324593782424927
29.015077590942383	0.41156136989593506
25.663311004638672	0.4073541462421417
33.64575958251953	0.43981385231018066
23.05036735534668	0.3629979193210602
47.566551208496094	0.7099485397338867
34.045074462890625	0.467973530292511
35.968101501464844	0.47171279788017273
32.54616165161133	0.44431620836257935
28.351776123046875	0.418476402759552
34.432373046875	0.4621795117855072
28.291522979736328	0.4369347095489502
28.399133682250977	0.3786551058292389
28.63924217224121	0.4874764680862427
18.99315071105957	0.2490905076265335
37.438209533691406	0.4909929037094116
32.487003326416016	0.46244844794273376
33.328800201416016	0.4473664462566376
23.55029296875	0.37984344363212585
31.491132736206055	0.41164878010749817
34.33894348144531	0.4488750696182251
24.201486587524414	0.36256909370422363
39.35198211669922	0.5299929976463318
31.92238998413086	0.42848846316337585
35.83219909667969	0.6177965402603149
35.135826110839844	0.45483270287513733
30.192852020263672	0.39990532398223877
30.7509765625	0.40729770064353943
30.223926544189453	0.40031689405441284
29.154186248779297	0.4468074440956116
36.73147201538086	0.4913909435272217
22.255403518676758	0.3179343342781067
33.89406204223633	0.44892796874046326
20.273704528808594	0.35258617997169495
28.501117706298828	0.4042711853981018
37.955955505371094	0.5010687112808228
33.930030822753906	0.45240041613578796
32.25390625	0.42579415440559387
30.595413208007812	0.42940929532051086
35.54432678222656	0.47078579664230347
27.42584228515625	0.38492411375045776
34.27876663208008	0.4967937171459198
27.28591537475586	0.35667863488197327
23.139638900756836	0.35327693819999695
30.99148941040039	0.40644577145576477
32.118751525878906	0.49224141240119934
24.04457664489746	0.319529265165329
34.16593551635742	0.5216173529624939
37.7680778503418	0.5002394318580627
34.880027770996094	0.46976467967033386
40.61989212036133	0.547069251537323
41.781959533691406	0.6099556088447571
33.90940475463867	0.4521254003047943
41.394920349121094	0.5482770800590515
38.43812561035156	0.5091142654418945
50.44940185546875	0.7207057476043701
36.31079864501953	0.5078433156013489
34.00436782836914	0.44890254735946655
30.862642288208008	0.48035240173339844
36.813819885253906	0.5641964673995972
31.587575912475586	0.4841007888317108
46.80769729614258	0.6138714551925659
31.988557815551758	0.45373842120170593
40.49554443359375	0.5310891270637512
45.11406326293945	0.5897263288497925
28.646608352661133	0.37692904472351074
27.907331466674805	0.5144208669662476
38.41270446777344	0.5669772028923035
34.632789611816406	0.5328121185302734
26.8868408203125	0.3827308416366577
43.91670608520508	0.6057476997375488
29.40520668029785	0.40281105041503906
39.4411735534668	0.5189628005027771
26.428964614868164	0.3512154817581177
29.59371566772461	0.4535435438156128
30.803592681884766	0.4448172152042389
33.337745666503906	0.4520372152328491
32.462249755859375	0.4956068694591522
34.459476470947266	0.5067570209503174
43.88290023803711	0.7223522663116455
37.955116271972656	0.51118004322052
26.338430404663086	0.3960666358470917
33.639034271240234	0.45153066515922546
35.05853271484375	0.4612964689731598
29.02326774597168	0.4045054614543915
26.72437858581543	0.35632506012916565
23.868228912353516	0.3214576244354248
35.79620361328125	0.4788789749145508
18.375059127807617	0.34027886390686035
33.72907257080078	0.4604651629924774
36.248809814453125	0.5234485268592834
25.45060157775879	0.4138309061527252
31.333663940429688	0.4109332859516144
29.328617095947266	0.3949982225894928
30.09780502319336	0.41657862067222595
24.602333068847656	0.3859189450740814
35.809837341308594	0.4790613651275635
27.481998443603516	0.39542442560195923
38.43732452392578	0.505754292011261
36.803741455078125	0.511163055896759
34.78203582763672	0.5456005334854126
27.606412887573242	0.4263538718223572
29.506977081298828	0.41268500685691833
25.55848503112793	0.39320746064186096
38.34602355957031	0.5270931124687195
35.804786682128906	0.4838484823703766
26.865623474121094	0.3907727003097534
36.34435272216797	0.5013014078140259
35.94770050048828	0.4890843629837036
40.99983215332031	0.5412518978118896
31.540203094482422	0.44897085428237915
30.655797958374023	0.40072938799858093
33.678871154785156	0.48633748292922974
26.404197692871094	0.35205596685409546
27.40406608581543	0.3666095733642578
34.09873962402344	0.5245959758758545
31.789962768554688	0.457409530878067
33.03791427612305	0.43758827447891235
37.1450309753418	0.5141180753707886
36.20602798461914	0.5209500193595886
37.23100662231445	0.4898816645145416
39.4150276184082	0.532635509967804
33.611793518066406	0.49248048663139343
32.745330810546875	0.4711558520793915
42.52207946777344	0.5707661509513855
29.2452392578125	0.46237531304359436
35.41158676147461	0.518851101398468
34.51137161254883	0.5657601952552795
26.787805557250977	0.3786262273788452
35.4605712890625	0.4775834381580353
38.74632263183594	0.5761535167694092
32.863304138183594	0.44409871101379395
33.10136032104492	0.5053642988204956
31.615184783935547	0.4598572254180908
33.64974594116211	0.4442210793495178
33.534183502197266	0.45012328028678894
41.571414947509766	0.5506147742271423
23.636844635009766	0.3352743983268738
38.71295166015625	0.5161727070808411
28.00625991821289	0.3986656069755554
43.9298210144043	0.5818519592285156
39.533382415771484	0.5378691554069519
30.16500473022461	0.4146392345428467
39.070743560791016	0.5445399880409241
29.109615325927734	0.3842853605747223
30.128780364990234	0.4057748317718506
23.884944915771484	0.3375963866710663
30.076148986816406	0.423607736825943
36.00999069213867	0.4738156795501709
31.223697662353516	0.43067169189453125
23.05375099182129	0.3053476810455322
41.36369323730469	0.5424746870994568
24.232513427734375	0.36996203660964966
29.773601531982422	0.3996456563472748
41.65705108642578	0.5610377192497253
36.851646423339844	0.49465298652648926
30.132022857666016	0.3964739739894867
41.577476501464844	0.5562204122543335
23.115083694458008	0.3051496148109436
27.386127471923828	0.3926326632499695
30.916175842285156	0.5751846432685852
28.999961853027344	0.39189139008522034
22.606155395507812	0.32410258054733276
27.088153839111328	0.43690571188926697
21.984586715698242	0.387393593788147
26.266620635986328	0.38067567348480225
32.999874114990234	0.43420886993408203
29.85629653930664	0.3890071213245392
28.82297706604004	0.378006249666214
30.38257598876953	0.4435412585735321
31.86542510986328	0.4410439431667328
31.475887298583984	0.41828420758247375
25.651716232299805	0.34431833028793335
32.470314025878906	0.4373106360435486
29.960493087768555	0.3929244875907898
25.910001754760742	0.34895625710487366
30.4146785736084	0.4041817784309387
28.990581512451172	0.44773098826408386
42.04778289794922	0.5550862550735474
30.492263793945312	0.4551084041595459
32.495025634765625	0.49800804257392883
34.942718505859375	0.45676755905151367
33.584083557128906	0.44044700264930725
27.190000534057617	0.3954909145832062
32.69596862792969	0.4330591857433319
28.325214385986328	0.3840706944465637
32.03804397583008	0.4300408661365509
27.735233306884766	0.4316767752170563
28.094100952148438	0.44771474599838257
29.979412078857422	0.3906112313270569
31.444629669189453	0.41374513506889343
34.72917175292969	0.47250574827194214
29.738677978515625	0.4087790846824646
33.806522369384766	0.47614818811416626
32.736061096191406	0.4350306987762451
25.6878604888916	0.4029468297958374
45.23451232910156	0.5991325974464417
37.98387145996094	0.5047690272331238
23.53137969970703	0.3905623257160187
32.95481491088867	0.4974311590194702
34.79490280151367	0.5373730063438416
32.78752136230469	0.43571457266807556
27.31632423400879	0.36061152815818787
37.27214431762695	0.49042296409606934
23.924131393432617	0.3624868392944336
37.3325080871582	0.49283838272094727
36.30463409423828	0.47769254446029663
25.508058547973633	0.39092808961868286
33.86764907836914	0.5190444588661194
32.3035774230957	0.42089352011680603
27.79233169555664	0.4556120038032532
37.30366134643555	0.4957297146320343
38.3565788269043	0.5383379459381104
43.36106491088867	0.6064484715461731
27.315288543701172	0.36542192101478577
27.645689010620117	0.4725758731365204
36.48200988769531	0.4800264537334442
35.27974319458008	0.5004218816757202
29.544692993164062	0.45453372597694397
25.81777572631836	0.34423699975013733
29.538755416870117	0.4088408946990967
29.096176147460938	0.44936180114746094
41.37384033203125	0.5461893081665039
30.358291625976562	0.4352443218231201
33.874202728271484	0.4856516420841217
28.563251495361328	0.41850918531417847
27.231033325195312	0.4427810311317444
32.456886291503906	0.5091276168823242
33.975154876708984	0.4455758035182953
31.866920471191406	0.4220784306526184
29.880531311035156	0.3905951678752899
38.06060028076172	0.590086817741394
29.973005294799805	0.3918039798736572
28.720539093017578	0.4239194095134735
33.282344818115234	0.43506333231925964
36.576332092285156	0.4812675416469574
30.599712371826172	0.4857097268104553
29.58426856994629	0.42414721846580505
35.331634521484375	0.5029414296150208
29.813615798950195	0.46766456961631775
33.79741668701172	0.4536566138267517
33.429893493652344	0.46269747614860535
27.110456466674805	0.3914867341518402
36.09777069091797	0.5031048059463501
29.47900390625	0.4066069424152374
34.82503128051758	0.4803452491760254
31.987934112548828	0.42368125915527344
30.64838218688965	0.4086450934410095
28.938947677612305	0.3871431052684784
21.82149314880371	0.3477528691291809
25.99990463256836	0.3432330787181854
34.102630615234375	0.4562224745750427
33.95444869995117	0.4715895652770996
35.68571090698242	0.4664798676967621
27.288799285888672	0.361441045999527
22.734359741210938	0.33068159222602844
30.634048461914062	0.4098200500011444
31.5589656829834	0.46410244703292847
44.903995513916016	0.682950496673584
33.30788803100586	0.43970808386802673
24.87586212158203	0.36448150873184204
28.525943756103516	0.45459672808647156
42.975494384765625	0.5654670596122742
21.203838348388672	0.33002084493637085
38.133487701416016	0.5135823488235474
27.52604103088379	0.42347756028175354
33.14591979980469	0.4390188157558441
25.85572052001953	0.35058602690696716
35.31101608276367	0.5099063515663147
30.8156795501709	0.45151180028915405
36.856658935546875	0.4849560260772705
31.047527313232422	0.48322999477386475
31.592620849609375	0.4283745288848877
28.457983016967773	0.40799975395202637
35.47484588623047	0.4859567880630493
33.150787353515625	0.4333436191082001
35.88713455200195	0.48009544610977173
25.824003219604492	0.4872453510761261
29.83602523803711	0.41875123977661133
34.907432556152344	0.45930832624435425
40.23917770385742	0.5687516331672668
35.289791107177734	0.5429198741912842
32.91273498535156	0.44476670026779175
33.17827606201172	0.4409073293209076
29.37203598022461	0.44672298431396484
36.603477478027344	0.4980064928531647
30.341907501220703	0.45286428928375244
28.955394744873047	0.3912891149520874
30.705116271972656	0.41214922070503235
36.88127136230469	0.4805377423763275
38.27394104003906	0.573392391204834
33.74164581298828	0.5191022157669067
25.71580696105957	0.3417382836341858
48.028961181640625	0.6446840167045593
29.50642204284668	0.39081352949142456
31.26388931274414	0.48284000158309937
42.877723693847656	0.6169456839561462
31.029476165771484	0.41790539026260376
32.66602325439453	0.4490174949169159
26.636226654052734	0.40054476261138916
31.10832405090332	0.40932005643844604
34.90613555908203	0.4638689160346985
32.742088317871094	0.46442678570747375
35.98869705200195	0.4719829261302948
26.750484466552734	0.42126747965812683
33.21599578857422	0.44886481761932373
36.16917419433594	0.4727996587753296
36.48835754394531	0.47697198390960693
37.316776275634766	0.4862120747566223
34.88479995727539	0.459010511636734
36.751251220703125	0.48838871717453003
23.992937088012695	0.3778415322303772
35.990142822265625	0.4735545217990875
38.27640151977539	0.498715341091156
35.30818176269531	0.543202817440033
38.390533447265625	0.50848388671875
34.11118698120117	0.45633694529533386
27.871051788330078	0.3667243719100952
23.480754852294922	0.3110033869743347
33.058021545410156	0.4915691018104553
34.9456787109375	0.4583039879798889
29.198123931884766	0.38292622566223145
45.09999465942383	0.6033443808555603
31.39103889465332	0.4300142228603363
29.110614776611328	0.4312683641910553
30.392072677612305	0.4420665204524994
27.343570709228516	0.42558085918426514
38.0821647644043	0.5027348399162292
29.635387420654297	0.4541821777820587
25.19012451171875	0.33586832880973816
30.376726150512695	0.46913862228393555
32.690093994140625	0.42732149362564087
38.61302947998047	0.516562283039093
34.60621643066406	0.4676515758037567
39.574153900146484	0.5347858667373657
33.78007507324219	0.4489046633243561
28.402812957763672	0.4192297160625458
29.34762954711914	0.4104563593864441
29.577220916748047	0.41658058762550354
36.38140106201172	0.4834737777709961
28.85840606689453	0.40220776200294495
24.42172622680664	0.35266029834747314
31.683286666870117	0.44940832257270813
35.2286376953125	0.537841796875
22.479982376098633	0.3269815742969513
34.9578742980957	0.4630182087421417
33.0579833984375	0.4756544232368469
28.642166137695312	0.4423500597476959
30.2534122467041	0.5084607005119324
26.214275360107422	0.45392683148384094
33.64012145996094	0.48403051495552063
33.12544631958008	0.43443208932876587
27.157867431640625	0.4008541405200958
31.203289031982422	0.4318794310092926
31.041475296020508	0.46504083275794983
32.39087677001953	0.4578215777873993
25.11031723022461	0.3574422299861908
35.02492904663086	0.5961689949035645
32.89944076538086	0.4445870518684387
24.568710327148438	0.36398088932037354
26.65361976623535	0.3821307420730591
37.45812225341797	0.4977823495864868
31.854618072509766	0.4566970467567444
24.222272872924805	0.3615264594554901
37.01156997680664	0.48860159516334534
30.288169860839844	0.39592379331588745
30.49370002746582	0.45855188369750977
27.90921401977539	0.4165554344654083
40.58915710449219	0.5466552972793579
32.956504821777344	0.4530103802680969
32.557621002197266	0.4341016113758087
41.207359313964844	0.545792818069458
39.246517181396484	0.5250369906425476
33.426795959472656	0.43982625007629395
28.909687042236328	0.44306033849716187
40.31006622314453	0.584203839302063
34.2933464050293	0.5421872735023499
33.06605529785156	0.4322360157966614
28.825973510742188	0.37681010365486145
33.09660720825195	0.5338162183761597
27.401277542114258	0.4915027320384979
20.638580322265625	0.34541556239128113
34.51716613769531	0.45718100666999817
31.04465103149414	0.43117570877075195
24.60683250427246	0.35662075877189636
34.2413215637207	0.45203065872192383
26.544252395629883	0.35274752974510193
33.696475982666016	0.4477936923503876
32.39646911621094	0.5003315806388855
35.48599624633789	0.46692100167274475
33.48753356933594	0.46349528431892395
23.676992416381836	0.33465713262557983
35.5169563293457	0.4984835982322693
34.2491340637207	0.5055222511291504
34.100765228271484	0.44722315669059753
19.51273536682129	0.3198809027671814
37.132747650146484	0.5669121742248535
23.172130584716797	0.30999505519866943
25.061452865600586	0.36320945620536804
28.668624877929688	0.44447481632232666
36.95864486694336	0.48470354080200195
44.60619354248047	0.5987408757209778
29.7269287109375	0.4017152488231659
30.802906036376953	0.4205174744129181
34.6588134765625	0.4605822265148163
33.84433364868164	0.47334733605384827
23.258968353271484	0.3383122682571411
37.19670486450195	0.49928462505340576
28.2113037109375	0.3761507272720337
32.77663040161133	0.4399547576904297
31.27051544189453	0.40876489877700806
30.03769302368164	0.43375730514526367
38.03247833251953	0.503741443157196
37.081260681152344	0.5132354497909546
30.267608642578125	0.4370773732662201
38.546329498291016	0.5055256485939026
28.901090621948242	0.4982946515083313
34.38422393798828	0.49832209944725037
35.85536193847656	0.5140553712844849
39.34716796875	0.572322428226471
30.870162963867188	0.40485459566116333
35.24223327636719	0.4730501174926758
31.589027404785156	0.47862163186073303
40.661991119384766	0.5315293073654175
26.037784576416016	0.3815059959888458
32.19804000854492	0.4250566363334656
30.501100540161133	0.4341793656349182
25.629436492919922	0.4052084684371948
27.719022750854492	0.4061395227909088
28.29667091369629	0.3849887251853943
30.136272430419922	0.43361541628837585
37.259586334228516	0.4886503219604492
28.650671005249023	0.37451857328414917
34.36696243286133	0.4536892771720886
29.808456420898438	0.3974460959434509
33.96775436401367	0.44547873735427856
30.276321411132812	0.39706650376319885
29.61200523376465	0.4291594922542572
31.614248275756836	0.4215233027935028
36.62793731689453	0.4883725047111511
23.61716079711914	0.3564854562282562
33.780757904052734	0.4825822412967682
31.94236946105957	0.4258982539176941
35.725250244140625	0.4700690805912018
43.3911247253418	0.5785483121871948
31.121414184570312	0.41357362270355225
34.96662902832031	0.46160566806793213
37.29902267456055	0.4907766282558441
36.107208251953125	0.470452219247818
30.016929626464844	0.4982062876224518
23.61445426940918	0.3718811571598053
24.403095245361328	0.3189947009086609
39.458778381347656	0.6024240851402283
28.24802589416504	0.3791681230068207
30.184589385986328	0.3971656560897827
33.73822784423828	0.5190496444702148
35.1166877746582	0.46666693687438965
26.492473602294922	0.41394490003585815
33.13066864013672	0.4801546037197113
32.445518493652344	0.4269147217273712
32.21943283081055	0.4444059729576111
33.90135192871094	0.5195609331130981
27.02851676940918	0.35799360275268555
25.55965805053711	0.3562321662902832
36.909576416015625	0.5929248929023743
32.7968864440918	0.45709946751594543
27.07422637939453	0.4117753207683563
36.319610595703125	0.47788962721824646
35.600093841552734	0.4668864905834198
33.99837112426758	0.5190591216087341
28.32830810546875	0.39208731055259705
26.930274963378906	0.45071589946746826
32.06632614135742	0.4205419719219208
25.19870948791504	0.4289141893386841
39.89654541015625	0.5232333540916443
36.53070831298828	0.4838504493236542
28.1276798248291	0.3975643813610077
29.23592758178711	0.3846832513809204
30.742416381835938	0.4822339713573456
35.465335845947266	0.4651191532611847
31.816896438598633	0.42281588912010193
40.01005172729492	0.5352515578269958
37.3573112487793	0.49154356122016907
32.12886428833008	0.460628867149353
33.49382019042969	0.47174394130706787
37.08984375	0.5223921537399292
28.326587677001953	0.3815028667449951
28.648601531982422	0.43572017550468445
33.22922897338867	0.44158443808555603
28.853626251220703	0.38860103487968445
32.73503875732422	0.4350171387195587
31.990177154541016	0.4181722402572632
35.16539001464844	0.5694800019264221
29.049562454223633	0.4469163417816162
36.007423400878906	0.5053673386573792
28.36165428161621	0.42017266154289246
39.980506896972656	0.5243344902992249
34.07929992675781	0.44989174604415894
34.29866027832031	0.4527876079082489
41.26842498779297	0.5558037161827087
27.44272232055664	0.3671267330646515
31.903209686279297	0.4691648483276367
32.326438903808594	0.47364744544029236
30.040937423706055	0.43695908784866333
30.012226104736328	0.4097232222557068
31.800081253051758	0.4282839298248291
25.259464263916016	0.37146270275115967
42.919342041015625	0.5665919780731201
23.869720458984375	0.3130455017089844
22.790969848632812	0.31875482201576233
38.51527786254883	0.5386751890182495
32.17120361328125	0.4452761709690094
31.574575424194336	0.42381981015205383
35.1215705871582	0.4894992411136627
34.84756851196289	0.5300010442733765
31.929969787597656	0.4545191526412964
26.872848510742188	0.43695688247680664
31.271591186523438	0.4756135642528534
37.34649658203125	0.4914012849330902
37.423744201660156	0.49241769313812256
35.50313949584961	0.5358964204788208
28.236955642700195	0.5204969048500061
31.77454376220703	0.4605006277561188
29.613943099975586	0.46820464730262756
38.58209228515625	0.5196241140365601
31.137971878051758	0.4207834005355835
32.56208419799805	0.4415197968482971
33.89823913574219	0.4519765079021454
32.71623229980469	0.4828964173793793
32.92377853393555	0.4360765516757965
33.95451736450195	0.44824445247650146
29.20555877685547	0.41573747992515564
26.931734085083008	0.3917343020439148
30.453184127807617	0.45283544063568115
38.22959899902344	0.5046811699867249
34.806678771972656	0.47356024384498596
34.826072692871094	0.5102721452713013
29.815502166748047	0.3910229802131653
34.419654846191406	0.4715021252632141
33.7674560546875	0.44577500224113464
23.482946395874023	0.41018247604370117
25.4366397857666	0.3508501946926117
31.37609100341797	0.41148972511291504
33.689361572265625	0.45220619440078735
31.57657241821289	0.41276565194129944
26.87863540649414	0.38398051261901855
29.50339126586914	0.43387341499328613
36.897281646728516	0.4919637441635132
32.8233528137207	0.5088891983032227
25.209264755249023	0.348917156457901
25.2735538482666	0.40600085258483887
28.822216033935547	0.44171980023384094
30.09378433227539	0.45596644282341003
42.03742599487305	0.6274242401123047
34.36497116088867	0.48062896728515625
33.91570281982422	0.440463662147522
35.70746612548828	0.4776918590068817
40.83438491821289	0.5372945666313171
35.169769287109375	0.45973554253578186
29.75173568725586	0.4175682067871094
29.39928436279297	0.42607659101486206
43.12577819824219	0.5712023377418518
34.404884338378906	0.4526958465576172
27.171602249145508	0.4164230227470398
38.37535095214844	0.5185858011245728
26.727008819580078	0.350518137216568
32.69234085083008	0.5209934711456299
36.812110900878906	0.4827817678451538
29.030717849731445	0.3845128118991852
29.889427185058594	0.4379403293132782
32.69880676269531	0.4330967664718628
41.85540008544922	0.561817467212677
34.40938186645508	0.46499165892601013
25.61115837097168	0.3381010890007019
23.13270378112793	0.32696402072906494
30.59912109375	0.40663284063339233
30.798168182373047	0.4065764844417572
33.759010314941406	0.4705088436603546
22.430564880371094	0.36178329586982727
26.13245391845703	0.35920900106430054
36.45597457885742	0.4812670052051544
31.099720001220703	0.46591341495513916
37.07617950439453	0.4993424713611603
32.9135627746582	0.430242657661438
32.30959701538086	0.4632200300693512
25.382591247558594	0.47444096207618713
32.872474670410156	0.425533652305603
31.652860641479492	0.4277413487434387
34.128517150878906	0.47732192277908325
35.17738342285156	0.506149411201477
30.190887451171875	0.414995014667511
26.654523849487305	0.4084984362125397
18.208208084106445	0.3194422423839569
37.27393341064453	0.5563273429870605
28.061256408691406	0.3704456388950348
42.388214111328125	0.5806604623794556
33.26836013793945	0.48040953278541565
28.32482147216797	0.3776642978191376
